k = 100;
k1 = 0,527;
k2 = 0,5;