ki = 3;
kp = 4;

ki1 = 1;
kp1 = 2;

ki2 = 0.1;
kp2 = -0.9;