k = 4;
k1 = -2;
k2 = 10;