kR = 5;
Tr = 1;
kE1 = 10;
kE2 = 15;
k1 = 0.08;
T1 = 0.05;
Ti = 0.1;
kem = 0.8;
kEM = 0.2;